t1 = 55.5503966670949
t2 = 112.83291685697623