MyMin: 0.29999962375665
scipyMin: 0.300000000023735
MyMin - scipyMin: -3.762670849893901e-07