gamma(3/2) = 0.886226961308725
gamma(3) = 2.000000000000008
gamma(6) = 120.00000000000047
gamma(10) = 362880.0000000014